1408609284609;-2.1878502368927;4.017645359039307;8.692723274230957
1408609284729;-1.996248722076416;3.8643639087677;8.654402732849121
1408609284866;-1.9196081161499023;3.941004753112793;8.53944206237793
1408609285006;-2.034569025039673;3.902684211730957;8.577762603759766
1408609285076;-1.9196081161499023;3.902684211730957;8.53944206237793
1408609285220;-1.9579284191131592;4.017645359039307;8.424481391906738
1408609285356;-2.532733201980591;4.362527847290039;7.543114185333252
1408609285456;-4.985233306884766;5.397176742553711;8.232879638671875
1408609285566;-1.9196081161499023;7.504793643951416;5.550457954406738
1408609285707;-1.7280066013336182;7.351512432098389;4.285887241363525
1408609285795;-0.8849596977233887;7.236551284790039;4.362527847290039
1408609285916;5.322930812835693;5.512137413024902;6.086942195892334
1408609286056;7.085665225982666;4.170926570892334;5.320535659790039
1408609286133;5.859415054321289;2.484832763671875;4.70741081237793
1408609286267;6.357579231262207;2.5614733695983887;4.170926570892334
1408609286352;7.238946437835693;3.1362781524658203;6.048621654510498
1408609286476;8.388555526733398;3.251239061355591;6.01030158996582
1408609286616;7.50718879699707;4.324207782745361;3.3278796672821045
1408609286707;9.768087387084961;3.902684211730957;2.7913951873779297
1408609286827;6.434219837188721;4.285887241363525;5.090613842010498
1408609286966;8.46519660949707;4.784051418304443;3.8260436058044434
1408609287045;8.12031364440918;4.209246635437012;2.944676399230957
1408609287177;8.426876068115234;3.711082696914673;3.02131724357605
1408609287316;8.963360786437988;3.5194811820983887;2.9063560962677
1408609287316;8.963360786437988;3.5194811820983887;2.9063560962677
1408609288017;4.63316535949707;4.132606029510498;-5.102589130401611
1408609289837;5.476212024688721;3.8260436058044434;-7.171885967254639
1408609290010;4.020040512084961;11.911629676818848;-6.367159366607666
1408609290276;3.943399667739868;6.163582801818848;-5.907315731048584
1408609290398;3.981719970703125;6.125262260437012;-5.217550277709961
1408609290537;5.514532566070557;3.5578014850616455;-5.140909194946289
1408609290617;6.089337348937988;2.982996940612793;-4.681065559387207
1408609290747;3.790118455886841;4.975653171539307;-3.071612596511841
1408609290887;6.664141654968262;10.723699569702148;-1.960323452949524
1408609291029;5.552852630615234;8.960965156555176;-3.224893808364868
1408609291167;2.755470037460327;8.960965156555176;-1.0789562463760376
1408609291306;7.622149467468262;9.037606239318848;-2.343526601791382
1408609291376;7.009024620056152;9.84233283996582;-1.8070422410964966
1408609291516;0.6095324754714966;2.4081921577453613;-1.9986437559127808
1408609291586;4.748126029968262;2.982996940612793;-3.723057746887207
1408609291730;3.8284387588500977;5.627098560333252;-1.730401635169983
1408609291870;3.6368372440338135;12.71635627746582;-2.113604784011841
1408609291942;8.158634185791016;11.221863746643066;-1.692081332206726
1408609292077;4.863087177276611;8.807683944702148;-1.577120304107666
1408609292146;6.357579231262207;8.846004486083984;-1.2705578804016113
1408609292286;4.939727783203125;7.849676609039307;-0.12094848603010178
1408609292426;3.8667590618133545;2.7913951873779297;-3.263214111328125
1408609292498;3.8667590618133545;4.055965423583984;-2.6500890254974365
1408609292639;3.8667590618133545;9.650731086730957;-0.2742297351360321
1408609292709;5.629493236541748;11.643387794494629;-2.4584875106811523
1408609292850;4.709805965423584;8.53944206237793;-3.1099328994750977
1408609292916;3.751798152923584;9.612410545349121;-1.8836828470230103
1408609293056;6.932384014129639;10.187215805053711;-2.075284481048584
1408609293196;1.490899682044983;2.446512460708618;-2.305206298828125
1408609293269;3.751798152923584;2.9063560962677;-2.8416907787323
1408609293406;3.4069151878356934;6.163582801818848;-1.7687219381332397
1408609293479;3.9050793647766113;10.072254180908203;-0.0059875487349927425
1408609293618;6.970704555511475;10.915301322937012;-2.8800110816955566
1408609293756;3.8284387588500977;9.344168663024902;-1.4621593952178955
1408609293826;6.242618560791016;9.114246368408203;-1.5004796981811523
1408609293966;5.744454383850098;8.194559097290039;-0.389190673828125
1408609294036;2.3722667694091797;2.6381139755249023;-1.960323452949524
1408609294176;4.173321723937988;4.285887241363525;-2.803370475769043
1408609294251;3.483555793762207;5.971981048583984;-1.4238390922546387
1408609294387;6.395899772644043;11.490106582641602;-2.075284481048584
1408609294467;6.242618560791016;10.762020111083984;-2.6884093284606934
1408609294600;3.981719970703125;9.765691757202148;-1.5388000011444092
1408609294676;5.016368389129639;8.807683944702148;-1.4621593952178955
1408609294810;5.514532566070557;8.309520721435547;-0.5041515827178955
1408609294946;2.9470715522766113;2.982996940612793;-2.535128116607666
1408609295087;3.9050793647766113;5.857020378112793;-1.6154407262802124
1408609295157;3.3302745819091797;8.807683944702148;-0.35087037086486816
1408609295296;7.50718879699707;10.723699569702148;-1.8070422410964966
1408609295369;4.709805965423584;9.037606239318848;-3.1482532024383545
1408609295508;4.135001182556152;9.114246368408203;-1.960323452949524
1408609295578;6.894063949584961;9.84233283996582;-1.347198486328125
1408609295720;3.790118455886841;4.09428596496582;-1.4238390922546387
1408609295860;4.939727783203125;4.362527847290039;-2.573448419570923
1408609295928;3.751798152923584;5.090613842010498;-1.4621593952178955
1408609296068;4.978048324584961;12.448114395141602;-1.2705578804016113
1408609296206;5.054688930511475;8.807683944702148;-3.224893808364868
1408609296286;3.8667590618133545;9.459129333496094;-1.2322375774383545
1408609296419;6.779102802276611;10.417137145996094;-1.6154407262802124
1408609296491;5.59117317199707;8.386160850524902;-1.002315640449524
1408609296629;1.9507434368133545;2.7913951873779297;-2.1519250869750977
1408609296769;3.4069151878356934;5.473817348480225;-1.8453625440597534
1408609296839;3.291954278945923;8.654402732849121;-0.6191125512123108
1408609296978;8.196954727172852;10.570418357849121;-1.3088781833648682
1408609297048;4.748126029968262;8.807683944702148;-2.8800110816955566
1408609297191;4.824766635894775;9.190887451171875;-1.4238390922546387
1408609297326;5.59117317199707;8.501121520996094;-0.8107141256332397
1408609297467;2.027384042739868;2.6381139755249023;-2.1519250869750977
1408609297538;4.978048324584961;4.669090747833252;-2.305206298828125
1408609297676;3.4069151878356934;8.271200180053711;-0.389190673828125
1408609297818;8.618477821350098;10.570418357849121;-1.0789562463760376
1408609297888;4.863087177276611;9.267528533935547;-2.573448419570923
1408609298035;4.671485424041748;9.344168663024902;-1.0789562463760376
1408609298102;6.395899772644043;9.727372169494629;-1.3088781833648682
1408609298236;3.713477849960327;4.630770206451416;-1.4621593952178955
1408609298306;1.682501196861267;2.6381139755249023;-1.8070422410964966
1408609298446;3.1386730670928955;4.784051418304443;-1.2705578804016113
1408609298586;5.782774448394775;11.643387794494629;-0.6957531571388245
1408609298660;8.388555526733398;10.532098770141602;-1.0406359434127808
1408609298800;4.211641788482666;9.037606239318848;-1.117276668548584
1408609298939;7.047345161437988;10.033934593200684;-1.347198486328125
1408609299010;6.127657413482666;8.846004486083984;-0.8873547315597534
1408609299148;1.2992980480194092;2.5614733695983887;-1.7687219381332397
1408609299286;3.483555793762207;5.550457954406738;-1.577120304107666
1408609299359;3.521876335144043;7.466473579406738;-0.35087037086486816
1408609299496;8.46519660949707;10.876980781555176;-0.9639953374862671
1408609299570;4.863087177276611;9.267528533935547;-2.72672963142395
1408609299706;4.28828239440918;9.612410545349121;-1.692081332206726
1408609299846;6.817422866821289;8.960965156555176;-1.002315640449524
1408609299919;4.824766635894775;5.550457954406738;-0.5041515827178955
1408609300059;5.24629020690918;4.055965423583984;-2.266885995864868
1408609300197;3.062032461166382;7.543114185333252;-0.42751097679138184
1408609300266;5.437891960144043;11.988269805908203;-0.0059875487349927425
1408609300406;5.476212024688721;9.535770416259766;-2.4201672077178955
1408609300479;3.981719970703125;8.692723274230957;-1.1939172744750977
1408609300624;6.664141654968262;10.072254180908203;-1.4621593952178955
1408609300756;4.594844818115234;5.66541862487793;-0.12094848603010178
1408609300826;0.5328918695449829;1.6417858600616455;-1.6154407262802124
1408609300968;3.44523549079895;4.899012565612793;-1.5004796981811523
1408609301039;3.215313673019409;7.083270072937012;-0.46583130955696106
1408609301195;8.350235939025879;10.493778228759766;-0.6191125512123108
1408609301253;5.207970142364502;9.535770416259766;-2.4584875106811523
1408609301392;4.211641788482666;9.574090957641602;-1.0789562463760376
1408609301526;6.779102802276611;8.731043815612793;-0.8873547315597534
1408609301596;5.207970142364502;5.780379772186279;-0.19758911430835724
1408609301736;5.169649600982666;4.285887241363525;-1.8836828470230103
1408609301808;3.6751575469970703;4.669090747833252;-1.3088781833648682
1408609301949;5.476212024688721;11.260184288024902;0.10897339135408401
1408609302034;8.848400115966797;11.183544158935547;-1.0406359434127808
1408609302156;4.364923000335693;8.654402732849121;-1.1555969715118408
1408609302227;4.173321723937988;9.765691757202148;-1.1555969715118408
1408609302366;6.625821590423584;8.88432502746582;-1.002315640449524
1408609302436;5.131329536437988;6.086942195892334;-0.31255003809928894
1408609302576;5.24629020690918;3.902684211730957;-2.075284481048584
1408609302649;3.713477849960327;4.70741081237793;-1.6154407262802124
1408609302792;5.131329536437988;10.608738899230957;0.3005749583244324
1408609302926;5.974376201629639;9.880653381347656;-1.6154407262802124
1408609302996;4.28828239440918;8.501121520996094;-1.4621593952178955
1408609303136;7.009024620056152;9.650731086730957;-1.0406359434127808
1408609303206;6.434219837188721;8.999285697937012;-0.8107141256332397
1408609303349;1.2226574420928955;2.3698718547821045;-0.9256750345230103
1408609303419;4.863087177276611;3.711082696914673;-2.1902453899383545
1408609303556;3.6368372440338135;6.585106372833252;-0.8490344285964966
1408609303696;8.005352973937988;10.45545768737793;-1.2705578804016113
1408609303766;6.54918098449707;9.804012298583984;-1.347198486328125
1408609303906;4.63316535949707;9.574090957641602;-0.7723938226699829
1408609303976;5.974376201629639;9.305848121643066;-1.117276668548584
1408609304116;6.587501049041748;7.619754791259766;0.10897339135408401
1408609304188;0.7244933843612671;2.1399500370025635;-0.5041515827178955
1408609304330;4.173321723937988;4.784051418304443;-1.5388000011444092
1408609304467;5.093008995056152;10.378817558288574;0.9520202875137329
1408609304536;8.235274314880371;10.608738899230957;-0.7723938226699829
1408609304676;5.054688930511475;8.577762603759766;-1.4238390922546387
1408609304746;4.326602935791016;9.459129333496094;-0.7340734601020813
1408609304889;6.894063949584961;9.037606239318848;-0.7340734601020813
1408609305465;6.54918098449707;9.957293510437012;-1.002315640449524
1408609329263;2.48722767829895;4.975653171539307;9.574090957641602
1408609329435;-1.1148816347122192;3.02131724357605;9.49744987487793
1408609329567;-0.808319091796875;3.672762393951416;8.692723274230957
1408609329639;-1.766326904296875;4.017645359039307;8.692723274230957
1408609329777;2.065704345703125;3.902684211730957;9.880653381347656
1408609329847;-0.3484753370285034;2.944676399230957;11.566746711730957
1408609329986;-0.27183473110198975;2.1399500370025635;9.689051628112793
1408609330057;0.18800903856754303;2.446512460708618;8.731043815612793
1408609330199;-0.7316784858703613;1.9866687059402466;9.152566909790039
1408609330266;-0.5783972144126892;2.3698718547821045;9.84233283996582
1408609330350;-0.5400769114494324;3.481160879135132;9.190887451171875
1408609330620;-0.5783972144126892;2.1782703399658203;9.804012298583984
1408609330783;-0.5400769114494324;2.3315515518188477;9.804012298583984
1408609331196;-0.38679563999176025;2.484832763671875;9.459129333496094
1408609331341;-0.5400769114494324;2.446512460708618;9.459129333496094
1408609331526;-0.5783972144126892;2.5997936725616455;9.689051628112793
1408609331596;-0.5017566084861755;2.4081921577453613;9.612410545349121
1408609331736;-0.38679563999176025;2.446512460708618;9.459129333496094
1408609331815;-0.4251159727573395;2.4081921577453613;9.535770416259766
1408609331946;-0.3101550340652466;2.3315515518188477;9.420809745788574
1408609332024;-0.23351439833641052;2.1399500370025635;9.574090957641602
1408609332156;-0.04191284254193306;2.1782703399658203;9.459129333496094
1408609332297;-0.1951940953731537;2.293231248855591;9.535770416259766
1408609332392;-0.27183473110198975;2.216590642929077;9.49744987487793
1408609332446;-0.38679563999176025;2.4081921577453613;9.689051628112793
1408609332646;-0.23351439833641052;2.9063560962677;9.344168663024902
